10 0.886136 0.556305 0.131663 0.261266
10 0.075960 0.409336 0.151920 0.389609
10 0.525703 0.311578 0.273326 0.336562
10 0.808126 0.507672 0.108571 0.286375
10 0.809098 0.426422 0.034871 0.033594
10 0.789895 0.447859 0.040211 0.029375
10 0.749087 0.484531 0.036721 0.035687
10 0.710059 0.554867 0.049625 0.154828
10 0.671651 0.555984 0.058150 0.119125
10 0.646534 0.519289 0.022623 0.040234
10 0.597705 0.550195 0.077986 0.124359
10 0.750550 0.548859 0.064895 0.174000
10 0.877916 0.500586 0.154145 0.317609
10 0.546838 0.400781 0.901639 0.598437
