5 0.542836 0.700422 0.329938 0.472125
4 0.075518 0.265234 0.133934 0.225813
0 0.769472 0.214609 0.461056 0.420219
10 0.563219 0.528180 0.314224 0.612984
10 0.253499 0.216273 0.053996 0.134484
10 0.324928 0.209563 0.080455 0.142219
10 0.418944 0.243180 0.073416 0.156391
10 0.094969 0.133500 0.048240 0.038219
10 0.061014 0.112805 0.024845 0.038922
10 0.065124 0.137188 0.032112 0.055844
2 0.066998 0.196633 0.133996 0.339328
7 0.296263 0.023086 0.045859 0.044828
10 0.348416 0.165758 0.039648 0.128703
10 0.447950 0.100484 0.019793 0.013594
10 0.280952 0.203281 0.019172 0.060031
10 0.172433 0.170117 0.047019 0.139391
10 0.478820 0.141391 0.033002 0.091375
5 0.387029 0.176836 0.048965 0.036609
10 0.151522 0.202242 0.073685 0.163172
