10 0.937641 0.244385 0.091000 0.352812
10 0.548312 0.766292 0.198875 0.467417
10 0.790781 0.754562 0.177031 0.490125
10 0.852195 0.593469 0.167234 0.788271
10 0.759594 0.365677 0.108219 0.392021
10 0.854453 0.209448 0.132312 0.174937
10 0.669719 0.225625 0.125594 0.321833
10 0.490281 0.195302 0.091250 0.181729
10 0.572992 0.385240 0.193234 0.402104
10 0.318258 0.585396 0.254484 0.788750
10 0.265344 0.209937 0.110719 0.249333
10 0.301406 0.121344 0.069094 0.148312
5 0.182555 0.434854 0.070953 0.206792
10 0.604977 0.282604 0.139672 0.309792
10 0.092188 0.354167 0.181250 0.600000
