3 0.369195 0.558700 0.106578 0.108033
3 0.539273 0.551721 0.157734 0.123021
0 0.124328 0.453829 0.248656 0.229719
4 0.173125 0.755258 0.346250 0.467564
4 0.763523 0.465925 0.045203 0.026230
4 0.788875 0.747752 0.419250 0.475222
10 0.296523 0.494614 0.013328 0.081499
10 0.255086 0.517471 0.030953 0.119204
10 0.281805 0.496780 0.016359 0.080679
10 0.327414 0.483103 0.020109 0.086487
10 0.391133 0.477529 0.037641 0.082272
10 0.919648 0.481323 0.019609 0.085878
10 0.797039 0.462108 0.006203 0.028946
10 0.306961 0.493290 0.013641 0.078337
10 0.264836 0.469602 0.007703 0.025855
10 0.498914 0.477927 0.027047 0.067377
4 0.708336 0.467436 0.029828 0.018759
3 0.43018 0.538958 0.070266 0.121944
3 0.524062 0.570386 0.136219 0.118759
10 0.381734 0.500070 0.010125 0.024778
10 0.348469 0.482037 0.036656 0.083372
10 0.272547 0.478185 0.010219 0.023864
