10 0.203858 0.866820 0.150597 0.204141
10 0.331698 0.382805 0.208128 0.217797
10 0.594537 0.197547 0.056070 0.118687
10 0.204475 0.119727 0.054383 0.106484
10 0.816615 0.712445 0.063025 0.078297
10 0.608148 0.654875 0.048601 0.052219
10 0.205319 0.611625 0.051091 0.106344
10 0.76286 0.634430 0.042675 0.097203
10 0.043169 0.601719 0.048436 0.128000
10 0.966687 0.638453 0.056667 0.111969
10 0.036759 0.097758 0.044383 0.110109
10 0.121924 0.105508 0.040391 0.093953
5 0.449198 0.131148 0.042263 0.043734
5 0.445813 0.621352 0.048498 0.046516
5 0.473272 0.130172 0.053868 0.029156
5 0.297891 0.618922 0.050720 0.039875
5 0.320278 0.129102 0.029938 0.024078
10 0.548498 0.346758 0.123128 0.319484
10 0.503086 0.357812 0.985597 0.684375
