4 0.282531 0.790774 0.089750 0.102043
4 0.691055 0.791362 0.186328 0.149164
4 0.174086 0.802678 0.128266 0.120774
4 0.395172 0.797632 0.097156 0.100650
3 0.496305 0.804954 0.052672 0.121734
10 0.033211 0.824164 0.066422 0.228885
10 0.68868 0.777539 0.032891 0.166285
10 0.478742 0.760232 0.012016 0.047276
2 0.542773 0.770015 0.113672 0.129071
7 0.615859 0.506997 0.023625 0.114241
7 0.861828 0.408173 0.030969 0.135480
10 0.589 0.806130 0.025656 0.077523
10 0.7455 0.707601 0.023781 0.059659
10 0.671633 0.709319 0.014797 0.033746
10 0.597109 0.768328 0.011125 0.047121
4 0.340609 0.788406 0.042625 0.082446
4 0.442461 0.779985 0.028141 0.042941
4 0.463 0.778994 0.024719 0.043498
10 0.086203 0.819969 0.053594 0.145077
