0 0.236383 0.492394 0.394297 0.845638
0 0.741977 0.509003 0.341391 0.885133
0 0.508219 0.549441 0.143906 0.402234
0 0.95043 0.567819 0.083203 0.241011
10 0.307359 0.593218 0.068344 0.073830
10 0.866594 0.278737 0.067031 0.100665
10 0.833273 0.589867 0.066484 0.106862
10 0.695133 0.258723 0.094891 0.114309
10 0.134609 0.291636 0.046031 0.116676
10 0.036008 0.685173 0.032297 0.203697
10 0.089406 0.270559 0.045781 0.110106
10 0.008891 0.660066 0.017781 0.197261
10 0.330047 0.230559 0.020531 0.062819
10 0.266953 0.270957 0.092063 0.160266
10 0.161969 0.626263 0.081906 0.119920
10 0.14768 0.273856 0.026266 0.057819
10 0.202031 0.622766 0.060437 0.123777
0 0.995047 0.541795 0.009906 0.161569
