4 0.706031 0.654224 0.029344 0.036150
4 0.636469 0.654349 0.038219 0.054903
0 0.329594 0.664598 0.380500 0.413629
10 0.784156 0.664945 0.013531 0.094875
10 0.817328 0.673740 0.015563 0.081884
4 0.729586 0.654280 0.019547 0.028781
4 0.746852 0.655762 0.028609 0.037950
4 0.777547 0.667673 0.046125 0.074681
10 0.944625 0.672853 0.029344 0.087424
10 0.597523 0.655499 0.007672 0.043740
10 0.532609 0.654529 0.012094 0.054488
7 0.590414 0.597452 0.011578 0.032465
7 0.843438 0.590416 0.009312 0.031690
7 0.673797 0.602410 0.009625 0.028199
10 0.973227 0.672244 0.018641 0.093740
7 0.562648 0.601011 0.005391 0.025568
2 0.812523 0.649848 0.053109 0.054765
2 0.669336 0.650319 0.036672 0.049668
10 0.586227 0.656343 0.007859 0.045042
10 0.579461 0.654834 0.009609 0.050055
4 0.857078 0.632964 0.029281 0.036953
