5 0.557805 0.628240 0.093109 0.127021
10 0.637758 0.509406 0.018109 0.063354
10 0.562633 0.568708 0.068953 0.202083
10 0.880828 0.540896 0.025281 0.089333
10 0.854266 0.537125 0.044094 0.106500
10 0.831 0.536479 0.030500 0.096792
10 0.479039 0.505823 0.020484 0.080563
5 0.745773 0.536115 0.023234 0.045812
10 0.403312 0.554406 0.113969 0.386271
10 0.617125 0.503979 0.016625 0.068875
10 0.726703 0.526521 0.024656 0.078042
10 0.665227 0.517385 0.014297 0.071938
10 0.348672 0.518198 0.026750 0.072854
10 0.675305 0.513542 0.011453 0.072833
10 0.686492 0.513854 0.016641 0.077458
10 0.5 0.501042 0.996875 0.210417
