10 0.463234 0.688105 0.032500 0.158460
10 0.219664 0.689389 0.036297 0.166210
10 0.716148 0.690110 0.024547 0.142029
10 0.636672 0.688166 0.025562 0.138729
10 0.521273 0.686565 0.030172 0.165648
10 0.734258 0.687824 0.020109 0.148313
10 0.152211 0.685330 0.042547 0.175208
10 0.594008 0.683741 0.019391 0.134230
10 0.56675 0.677689 0.033656 0.143888
10 0.723555 0.688765 0.145047 0.159535
0 0.478297 0.563961 0.860375 0.290269
10 0.43568 0.687188 0.028734 0.143276
10 0.309461 0.692995 0.028984 0.154645
2 0.875664 0.662396 0.078391 0.143227
10 0.933859 0.680721 0.034437 0.144034
10 0.500781 0.691932 0.998437 0.205379
