0 0.495531 0.528157 0.927969 0.436925
10 0.348141 0.600493 0.055688 0.163991
10 0.372695 0.513732 0.051609 0.074554
10 0.674734 0.421221 0.022312 0.074695
10 0.417352 0.515270 0.036859 0.073404
10 0.391977 0.628920 0.033078 0.115962
10 0.400062 0.415739 0.021531 0.092418
10 0.416906 0.653521 0.035094 0.062770
10 0.356516 0.393556 0.012031 0.036784
10 0.454508 0.566033 0.031109 0.081878
10 0.443937 0.657394 0.033250 0.062723
10 0.312328 0.418509 0.029219 0.089460
10 0.496297 0.615681 0.055437 0.144085
10 0.380648 0.580446 0.030641 0.098404
10 0.530469 0.530516 0.442188 0.338028
