10 0.274812 0.531138 0.036562 0.245691
10 0.505844 0.489411 0.034281 0.096789
10 0.30857 0.510589 0.032859 0.219634
10 0.896586 0.483659 0.030359 0.136341
10 0.863773 0.582947 0.079828 0.390528
10 0.219273 0.489451 0.038203 0.210854
10 0.460117 0.577378 0.067422 0.321179
10 0.125211 0.486098 0.059766 0.189675
10 0.069742 0.459593 0.033266 0.210244
4 0.052328 0.431768 0.104656 0.228252
10 0.023016 0.463313 0.034656 0.247927
10 0.036969 0.457663 0.017406 0.221667
3 0.623828 0.620224 0.094156 0.202236
3 0.864484 0.670772 0.106656 0.221463
3 0.556977 0.593374 0.024422 0.159268
3 0.469289 0.626524 0.099047 0.247520
3 0.127695 0.565508 0.092328 0.151016
3 0.390883 0.580671 0.070172 0.144675
3 0.796164 0.647846 0.093578 0.195772
3 0.685227 0.610569 0.047672 0.157967
3 0.52382 0.610000 0.059453 0.163577
3 0.337742 0.552866 0.059672 0.130285
3 0.20307 0.524289 0.077891 0.123943
3 0.948734 0.642154 0.085625 0.308049
10 0.257562 0.495793 0.033125 0.219228
