4 0.585796 0.455422 0.158244 0.055188
4 0.221616 0.449164 0.081171 0.047547
4 0.201862 0.408023 0.048735 0.029047
4 0.889297 0.473898 0.065855 0.038609
4 0.955316 0.472062 0.089368 0.055875
4 0.33678 0.405906 0.030609 0.020063
4 0.269438 0.409727 0.044215 0.022359
4 0.085843 0.409789 0.042927 0.023453
4 0.211639 0.390633 0.018126 0.009109
7 0.295539 0.360391 0.005176 0.006906
7 0.264075 0.357430 0.008852 0.009266
7 0.321792 0.360297 0.005269 0.007187
7 0.223595 0.358820 0.008407 0.008984
4 0.768993 0.438578 0.048103 0.027187
4 0.24123 0.391992 0.021241 0.014297
4 0.163419 0.408672 0.030258 0.016688
7 0.283232 0.363141 0.010585 0.009719
7 0.213454 0.371977 0.007564 0.014672
