7 0.842086 0.445063 0.036766 0.068292
7 0.901852 0.439604 0.039203 0.049500
2 0.450562 0.707177 0.320219 0.256188
2 0.103391 0.700875 0.204312 0.133083
10 0.726047 0.859979 0.111750 0.280042
10 0.607922 0.763167 0.044344 0.166083
10 0.651938 0.755698 0.034813 0.126021
10 0.57457 0.764771 0.025578 0.151833
10 0.524367 0.782583 0.051797 0.160417
10 0.09632 0.726896 0.023047 0.088000
10 0.796477 0.716594 0.015828 0.077146
10 0.489367 0.774021 0.031516 0.155833
10 0.862812 0.730198 0.031719 0.100354
10 0.772055 0.718365 0.024297 0.080104
10 0.636289 0.754375 0.023766 0.144875
7 0.635906 0.629573 0.017656 0.023729
7 0.952461 0.638865 0.008891 0.014813
7 0.95025 0.588500 0.009094 0.024500
10 0.685711 0.730177 0.032234 0.082854
2 0.093781 0.837302 0.187563 0.325396
2 0.803352 0.689646 0.220672 0.124667
2 0.240625 0.682094 0.038719 0.029062
7 0.847742 0.386031 0.023484 0.030521
10 0.149688 0.726604 0.022000 0.082958
7 0.522617 0.558146 0.011078 0.029542
7 0.533133 0.557292 0.009984 0.025417
7 0.909625 0.627750 0.007625 0.008958
10 0.497656 0.812500 0.954688 0.370833
