4 0.443008 0.399562 0.194109 0.147042
4 0.505992 0.350948 0.152266 0.103104
4 0.670953 0.358677 0.088938 0.084729
4 0.80132 0.333271 0.063547 0.020042
4 0.342609 0.285635 0.060031 0.032771
4 0.063719 0.266146 0.063000 0.020917
4 0.414219 0.293750 0.037781 0.017542
4 0.04857 0.343052 0.067703 0.090688
4 0.767055 0.575292 0.462359 0.458833
4 0.583391 0.346688 0.048969 0.095125
2 0.258758 0.475062 0.478891 0.417750
2 0.937516 0.347771 0.120906 0.115000
4 0.753703 0.301031 0.067187 0.027062
2 0.511859 0.353573 0.177031 0.110354
