0 0.235148 0.302573 0.470297 0.361146
10 0.255047 0.443094 0.090312 0.355188
10 0.957773 0.359229 0.081078 0.335583
10 0.863633 0.381844 0.109953 0.302896
10 0.354008 0.438417 0.080828 0.285125
10 0.309727 0.415958 0.057797 0.233250
10 0.454391 0.393250 0.051562 0.194000
10 0.767156 0.350229 0.044750 0.147708
10 0.496492 0.348229 0.031141 0.149750
10 0.467531 0.316812 0.029281 0.055333
10 0.527484 0.363656 0.029031 0.145812
10 0.581453 0.416687 0.061594 0.221292
10 0.686305 0.395740 0.074359 0.225354
10 0.469797 0.298229 0.011687 0.021750
10 0.506250 0.398958 0.278125 0.264583
