0 0.709850 0.876350 0.059220 0.040401
4 0.564760 0.950869 0.026960 0.016551
4 0.508060 0.969118 0.025720 0.016417
4 0.481410 0.978583 0.024940 0.017380
4 0.443020 0.986885 0.024240 0.018316
4 0.765420 0.885348 0.021840 0.015080
4 0.595890 0.941110 0.027340 0.018262
4 0.723040 0.899118 0.022440 0.011283
4 0.674240 0.913289 0.021080 0.015508
4 0.651330 0.924425 0.020020 0.015695
4 0.624850 0.932380 0.025820 0.018770
4 0.537240 0.961925 0.028160 0.015455
4 0.408240 0.996230 0.037200 0.007540
4 0.696470 0.908209 0.020620 0.017594
0 0.917130 0.826070 0.039820 0.027112
0 0.902940 0.813048 0.035600 0.031711
4 0.708000 0.891711 0.096000 0.029412
