10 0.596789 0.280493 0.054422 0.252254
10 0.467914 0.285835 0.028797 0.216901
10 0.165359 0.557928 0.277469 0.775292
10 0.437141 0.308541 0.080250 0.264205
10 0.641297 0.280453 0.051656 0.271932
10 0.496719 0.216539 0.034219 0.134406
10 0.515672 0.308984 0.075031 0.262918
10 0.402781 0.286328 0.044875 0.265010
10 0.585586 0.168109 0.024359 0.060201
10 0.634016 0.171740 0.028813 0.065654
10 0.474289 0.184004 0.020672 0.034125
10 0.570156 0.279970 0.038594 0.237485
10 0.548156 0.275513 0.028250 0.235252
