4 0.973406 0.780248 0.050562 0.171016
0 0.569906 0.591580 0.754406 0.611242
10 0.484359 0.393262 0.042000 0.058442
10 0.274133 0.425181 0.053484 0.077765
10 0.434922 0.390102 0.049312 0.059481
10 0.595688 0.408928 0.036219 0.046614
10 0.630008 0.409323 0.046016 0.050971
10 0.739078 0.420214 0.046437 0.051354
10 0.703305 0.425632 0.028641 0.028465
10 0.779328 0.428826 0.030062 0.035801
10 0.675687 0.417054 0.037250 0.046253
10 0.310703 0.419605 0.034531 0.072573
10 0.366102 0.411930 0.040266 0.067923
10 0.330937 0.423183 0.021250 0.064244
10 0.525422 0.413849 0.020313 0.021422
10 0.828125 0.427765 0.065625 0.056433
