10 0.493930 0.719551 0.093953 0.225359
10 0.561039 0.725692 0.096734 0.254256
10 0.984195 0.226974 0.031609 0.136923
10 0.762523 0.738103 0.103016 0.259436
10 0.681062 0.736474 0.100375 0.254128
10 0.866219 0.587205 0.037156 0.086667
10 0.953531 0.521244 0.088750 0.212333
10 0.836086 0.207628 0.051266 0.153564
10 0.599758 0.425051 0.055453 0.177487
10 0.560758 0.431667 0.096609 0.181385
10 0.431555 0.501051 0.065953 0.172000
10 0.305195 0.448282 0.078422 0.228308
10 0.558000 0.520949 0.056125 0.185077
10 0.500000 0.519231 0.996875 0.838462
