10 0.524648 0.363000 0.033422 0.046917
10 0.273414 0.462385 0.011047 0.018646
10 0.209227 0.468146 0.011234 0.022458
10 0.177945 0.474448 0.008391 0.020688
10 0.14425 0.479146 0.011656 0.025125
10 0.344695 0.516667 0.021172 0.049792
2 0.236391 0.591229 0.347313 0.134833
10 0.207656 0.490823 0.016656 0.025438
10 0.781688 0.445187 0.015781 0.018500
10 0.75825 0.442073 0.018094 0.023687
10 0.004109 0.537625 0.008219 0.012500
10 0.025875 0.537938 0.017781 0.014792
10 0.043219 0.530792 0.014250 0.027500
10 0.50625 0.502083 0.984375 0.225000
