10 0.118141 0.684570 0.019437 0.057572
10 0.583594 0.673455 0.031969 0.059360
10 0.411758 0.684912 0.012547 0.052340
10 0.362086 0.664669 0.009953 0.042892
10 0.334742 0.658709 0.005734 0.031634
10 0.299305 0.646534 0.007266 0.025121
5 0.845977 0.751943 0.045422 0.047020
5 0.897109 0.744845 0.027563 0.038212
10 0.846437 0.729393 0.024500 0.082097
10 0.153055 0.653333 0.009578 0.032450
10 0.926484 0.716733 0.016625 0.094040
10 0.720953 0.671722 0.011375 0.025651
10 0.384328 0.658091 0.004875 0.021170
10 0.112367 0.657506 0.011266 0.033819
10 0.125805 0.653642 0.010578 0.036159
10 0.617188 0.683223 0.756250 0.187638
