10 0.534833 0.407156 0.149417 0.400938
10 0.591771 0.148203 0.126625 0.256719
10 0.850125 0.267547 0.232667 0.395969
10 0.798604 0.117563 0.139708 0.153875
10 0.901208 0.483438 0.195667 0.685688
10 0.939458 0.133875 0.093500 0.165500
10 0.255875 0.231734 0.122500 0.288219
10 0.166979 0.331469 0.207375 0.406562
10 0.396979 0.215734 0.128042 0.233906
10 0.059229 0.244922 0.118458 0.311781
10 0.338458 0.184547 0.083667 0.229156
10 0.339521 0.554172 0.371458 0.571719
10 0.481250 0.053125 0.629167 0.100000
