10 0.662750 0.612435 0.037719 0.159699
10 0.749633 0.631172 0.033328 0.114649
10 0.464773 0.542104 0.011641 0.074709
10 0.791328 0.601503 0.030187 0.150341
10 0.900609 0.513146 0.014688 0.046774
10 0.558469 0.534689 0.020813 0.068818
10 0.527375 0.528677 0.015594 0.065411
10 0.379336 0.511413 0.014422 0.037174
10 0.775422 0.619479 0.025562 0.131623
10 0.865828 0.513517 0.043281 0.053567
10 0.754352 0.514449 0.014359 0.029098
10 0.500539 0.534749 0.016828 0.063086
10 0.543734 0.530030 0.009938 0.047836
10 0.560156 0.509018 0.820312 0.128257
