10 0.207648 0.677529 0.109453 0.334824
10 0.107383 0.109555 0.029266 0.068993
10 0.172781 0.560059 0.023406 0.112201
10 0.090289 0.566616 0.037047 0.133513
10 0.055617 0.569098 0.030266 0.141897
10 0.512977 0.611417 0.151703 0.348735
10 0.361156 0.707295 0.150344 0.225363
10 0.343914 0.539403 0.020203 0.106909
10 0.111844 0.565176 0.024313 0.140796
10 0.028367 0.572564 0.048141 0.125691
10 0.406789 0.462248 0.016359 0.056768
10 0.369320 0.502822 0.017328 0.045972
10 0.629430 0.456756 0.016359 0.036230
10 0.290625 0.364169 0.334375 0.536300
