4 0.247352 0.525833 0.043359 0.033216
4 0.164273 0.538498 0.038047 0.028169
4 0.299125 0.521455 0.036437 0.020235
4 0.062602 0.559777 0.042422 0.033592
4 0.205016 0.538779 0.036812 0.026150
4 0.046531 0.514906 0.026125 0.012723
2 0.460273 0.464061 0.037328 0.023897
2 0.41482 0.471397 0.037984 0.016596
4 0.017445 0.572371 0.034891 0.030047
4 0.232633 0.531279 0.037391 0.029695
4 0.382039 0.476373 0.025016 0.010070
4 0.411656 0.471491 0.030781 0.018333
4 0.439898 0.471303 0.030234 0.011995
4 0.203953 0.521796 0.029969 0.014577
4 0.265906 0.523427 0.029375 0.027230
