7 0.930164 0.863434 0.006359 0.014255
7 0.717852 0.853985 0.006703 0.023996
10 0.32575 0.965076 0.058031 0.069849
10 0.401055 0.971123 0.037391 0.057754
10 0.441188 0.968067 0.040156 0.063866
10 0.247148 0.959266 0.054828 0.080043
10 0.56757 0.984892 0.043984 0.030216
10 0.540227 0.975875 0.019203 0.048251
4 0.757492 0.979330 0.048703 0.041339
4 0.763586 0.948089 0.029141 0.028099
2 0.654477 0.924039 0.092766 0.107430
7 0.805867 0.853423 0.013766 0.019978
10 0.480469 0.969579 0.024938 0.060842
10 0.5245 0.970130 0.018656 0.059741
10 0.221039 0.955626 0.017359 0.061965
4 0.884742 0.974568 0.041391 0.049827
4 0.929133 0.927808 0.021453 0.029957
4 0.711211 0.975518 0.025766 0.048963
4 0.84425 0.936631 0.030719 0.033261
4 0.834359 0.977851 0.068437 0.044298
4 0.805523 0.938952 0.035703 0.028575
4 0.82118 0.921058 0.018047 0.024924
4 0.898219 0.935356 0.017031 0.030799
4 0.97025 0.931026 0.022531 0.027711
4 0.934633 0.980454 0.043422 0.037883
7 0.841312 0.868067 0.005687 0.012289
7 0.954859 0.867711 0.011031 0.014514
4 0.874648 0.952613 0.037484 0.022549
4 0.778906 0.894168 0.442188 0.207343
