10 0.065727 0.749437 0.131453 0.469667
10 0.183344 0.677573 0.082094 0.277063
10 0.214852 0.647344 0.038234 0.190604
10 0.388586 0.639625 0.064609 0.216042
10 0.797719 0.655135 0.072594 0.237854
10 0.333484 0.580250 0.016656 0.058708
10 0.908883 0.606948 0.044547 0.126479
10 0.974617 0.625281 0.038922 0.154188
10 0.278664 0.608885 0.025641 0.106604
10 0.678578 0.678385 0.057844 0.245521
10 0.734422 0.598417 0.030562 0.090667
10 0.753227 0.592719 0.019016 0.095562
10 0.250969 0.612219 0.021250 0.103146
10 0.471875 0.402083 0.940625 0.787500
