2 0.525961 0.332717 0.134234 0.087635
10 0.191125 0.899625 0.076469 0.177518
10 0.499625 0.902377 0.048625 0.195246
10 0.443852 0.806101 0.066484 0.108033
10 0.71925 0.530433 0.035313 0.110749
10 0.070438 0.885386 0.062969 0.085386
10 0.849187 0.550375 0.044438 0.120937
10 0.727125 0.839321 0.065969 0.298876
10 0.021727 0.900000 0.043453 0.177518
10 0.460484 0.516920 0.048031 0.118806
10 0.953523 0.756183 0.074953 0.235972
3 0.719656 0.583197 0.034187 0.099789
3 0.758008 0.561604 0.055641 0.106487
3 0.181258 0.385234 0.028828 0.072014
3 0.383102 0.436721 0.048922 0.064028
3 0.265016 0.410152 0.067906 0.080492
3 0.306047 0.405714 0.041563 0.083185
10 0.544461 0.894391 0.058141 0.211218
10 0.939594 0.930363 0.120812 0.139274
3 0.890445 0.564789 0.026078 0.095293
3 0.730891 0.530281 0.015281 0.046792
10 0.597539 0.526838 0.051359 0.132740
2 0.47357 0.371604 0.122266 0.048735
3 0.505914 0.579719 0.068891 0.136815
3 0.456297 0.556382 0.070156 0.114403
3 0.678836 0.609192 0.070641 0.123021
3 0.590844 0.555480 0.056125 0.111335
3 0.843648 0.582939 0.056203 0.102787
10 0.653906 0.622951 0.517188 0.491803
3 0.697656 0.477752 0.035937 0.046838
