3 0.912641 0.761262 0.123500 0.326589
3 0.822852 0.746308 0.132078 0.308318
3 0.738742 0.739907 0.076172 0.277196
3 0.604148 0.744614 0.209922 0.221986
3 0.464664 0.707921 0.093547 0.240421
3 0.401539 0.707220 0.067578 0.214533
3 0.28 0.690853 0.093344 0.199696
3 0.343656 0.693411 0.129594 0.222804
10 0.974742 0.562220 0.037516 0.098084
10 0.904969 0.592442 0.051031 0.137921
10 0.439086 0.582150 0.036547 0.092336
10 0.538586 0.563551 0.028859 0.133318
10 0.295516 0.593423 0.016344 0.056472
10 0.113938 0.573411 0.045906 0.082477
10 0.14425 0.561495 0.021656 0.032850
10 0.05632 0.578902 0.023297 0.121636
10 0.942828 0.570315 0.034969 0.096145
10 0.408828 0.594498 0.036844 0.126799
10 0.985937 0.710315 0.028125 0.321332
10 0.251828 0.581612 0.011219 0.009065
3 0.084672 0.671986 0.082937 0.175561
3 0.052898 0.681706 0.044078 0.106355
3 0.031367 0.651916 0.061016 0.084813
3 0.512258 0.701495 0.088641 0.231168
10 0.892695 0.475935 0.041078 0.134860
3 0.230859 0.687593 0.109469 0.199112
3 0.376562 0.682243 0.571875 0.271028
