10 0.546444 0.558492 0.273967 0.517422
10 0.822242 0.405414 0.085235 0.067484
10 0.736092 0.369898 0.095000 0.072172
10 0.864366 0.321523 0.068873 0.064266
10 0.831033 0.295039 0.057465 0.056359
10 0.908603 0.284477 0.055000 0.063859
10 0.860094 0.172539 0.036197 0.050078
10 0.724390 0.164914 0.074742 0.095891
10 0.453345 0.169039 0.068192 0.059484
10 0.822688 0.347500 0.072512 0.063844
10 0.581878 0.198000 0.059014 0.056813
10 0.396338 0.147328 0.052488 0.042344
10 0.739977 0.449977 0.116385 0.085453
10 0.500000 0.303906 0.995305 0.607812
