4 0.500102 0.560302 0.172766 0.140188
4 0.861242 0.584396 0.183328 0.196417
4 0.896453 0.501135 0.121781 0.107771
4 0.657141 0.557260 0.159187 0.126688
4 0.300047 0.542219 0.112062 0.105312
4 0.180727 0.541656 0.140953 0.105146
0 0.876969 0.494385 0.242688 0.984271
10 0.750711 0.541375 0.029703 0.149417
10 0.584 0.497333 0.022062 0.043875
4 0.439383 0.501917 0.045016 0.055333
4 0.820602 0.539844 0.046016 0.073271
4 0.032445 0.540531 0.064891 0.070187
4 0.11018 0.542198 0.054703 0.076229
4 0.227258 0.507469 0.106703 0.050937
10 0.722062 0.521396 0.015625 0.062500
10 0.695258 0.494844 0.025016 0.046854
