10 0.470906 0.442354 0.407156 0.638150
10 0.123469 0.580761 0.089906 0.385222
10 0.638008 0.654333 0.070141 0.150164
10 0.623547 0.877342 0.072969 0.142974
10 0.606406 0.690398 0.026469 0.088665
10 0.725711 0.830304 0.026172 0.091522
10 0.781883 0.809274 0.076391 0.158923
10 0.935883 0.856288 0.099203 0.145176
10 0.05632 0.628782 0.093516 0.225574
10 0.59425 0.906171 0.018937 0.083255
5 0.179391 0.733150 0.052781 0.084333
5 0.121953 0.735152 0.240187 0.107728
5 0.847328 0.878642 0.045531 0.048665
5 0.606219 0.717213 0.042531 0.037002
10 0.849875 0.847834 0.028250 0.082553
10 0.8325 0.854883 0.011875 0.035059
