4 0.570414 0.834416 0.158172 0.129062
4 0.743016 0.843547 0.146844 0.129016
4 0.657086 0.827803 0.090359 0.124165
4 0.236656 0.918204 0.358250 0.163593
4 0.089313 0.897357 0.176469 0.202769
4 0.434477 0.830366 0.068953 0.085034
4 0.032602 0.794989 0.058047 0.040275
10 0.951141 0.815149 0.014781 0.054233
10 0.924562 0.837586 0.027094 0.090046
10 0.872555 0.824428 0.033828 0.061991
10 0.968867 0.831247 0.021703 0.096178
10 0.826688 0.807391 0.015156 0.039314
10 0.817539 0.810847 0.014078 0.033684
10 0.477719 0.825584 0.026312 0.090435
10 0.192602 0.802941 0.020141 0.062540
7 0.076250 0.720961 0.008500 0.024211
10 0.725438 0.761796 0.008156 0.014943
10 0.864016 0.802517 0.016313 0.032586
10 0.896945 0.804531 0.028609 0.043753
7 0.028953 0.702574 0.012344 0.017414
4 0.247734 0.811899 0.062531 0.049657
4 0.377945 0.809760 0.103953 0.105561
4 0.308500 0.801018 0.061656 0.074394
7 0.067180 0.754359 0.005016 0.026110
7 0.086922 0.742666 0.010281 0.017414
10 0.914750 0.808295 0.015406 0.037368
4 0.098523 0.792220 0.064953 0.028192
10 0.381727 0.813558 0.034734 0.106293
10 0.208594 0.799771 0.020313 0.061785
