3 0.49775 0.469656 0.404500 0.350562
3 0.154148 0.463229 0.306047 0.461875
3 0.863172 0.686937 0.273656 0.599083
3 0.074555 0.828479 0.149109 0.307167
10 0.873391 0.146229 0.075813 0.189250
10 0.765938 0.138917 0.169469 0.205833
10 0.64693 0.133187 0.080766 0.195458
10 0.582883 0.129958 0.069422 0.204167
10 0.483844 0.133188 0.125844 0.193708
10 0.204586 0.220969 0.058078 0.223479
10 0.053687 0.184396 0.077781 0.146042
10 0.266813 0.212115 0.087438 0.313896
10 0.353922 0.177906 0.049812 0.126938
10 0.409617 0.163479 0.041141 0.136167
10 0.159742 0.190042 0.041828 0.083875
10 0.049742 0.237292 0.099484 0.267708
10 0.090656 0.157115 0.050250 0.070354
10 0.500781 0.237500 0.998437 0.395833
