10 0.212729 0.676836 0.335583 0.384266
10 0.135271 0.357297 0.172292 0.083969
10 0.175010 0.315516 0.069729 0.091000
10 0.209187 0.302195 0.056542 0.049141
10 0.286917 0.328133 0.066000 0.063203
10 0.386521 0.308305 0.065917 0.105609
10 0.671167 0.274773 0.045042 0.128391
10 0.715542 0.305672 0.067125 0.077438
10 0.915365 0.326539 0.118604 0.262422
10 0.589479 0.311672 0.030667 0.018469
10 0.338604 0.332125 0.034208 0.058219
10 0.255688 0.345070 0.099125 0.084734
10 0.537604 0.565117 0.246375 0.490797
10 0.344792 0.289844 0.597917 0.129688
