10 0.128320 0.348478 0.017859 0.067916
10 0.152023 0.337576 0.010578 0.061991
10 0.758102 0.368244 0.013516 0.054052
10 0.940953 0.316604 0.012719 0.024684
5 0.447383 0.434895 0.041828 0.048431
5 0.484187 0.433244 0.016344 0.047564
5 0.497344 0.436674 0.012719 0.033630
5 0.534234 0.433806 0.035625 0.033841
4 0.659352 0.281323 0.026953 0.021241
4 0.835367 0.280445 0.036047 0.041499
4 0.154633 0.294227 0.013297 0.030187
2 0.064820 0.284836 0.092953 0.058384
5 0.500156 0.434344 0.023000 0.039602
10 0.916898 0.352237 0.013391 0.055714
10 0.893797 0.349778 0.011250 0.053560
4 0.703141 0.280937 0.013437 0.013489
5 0.894586 0.355550 0.024172 0.036393
