5 0.09693 0.414087 0.074922 0.067330
4 0.307602 0.407131 0.134328 0.094496
4 0.699422 0.364450 0.062813 0.056862
10 0.474453 0.427482 0.083156 0.330281
10 0.951656 0.350550 0.042312 0.171967
10 0.094836 0.396569 0.035609 0.104754
7 0.712938 0.182881 0.012750 0.043747
7 0.583445 0.091335 0.056953 0.090539
7 0.648484 0.191710 0.015688 0.040375
10 0.517914 0.292998 0.017984 0.027728
7 0.856211 0.235269 0.009453 0.023747
7 0.9275 0.238665 0.012406 0.035831
7 0.116961 0.261850 0.020578 0.023044
10 0.515 0.438372 0.030687 0.273419
