5 0.248586 0.506498 0.182078 0.191439
4 0.707984 0.295307 0.073000 0.078915
3 0.494383 0.339009 0.034578 0.102689
10 0.559555 0.681450 0.331109 0.463467
10 0.245961 0.355295 0.145516 0.252382
10 0.63243 0.343939 0.050328 0.229811
10 0.355164 0.346415 0.036391 0.167500
10 0.385883 0.341380 0.049922 0.118373
10 0.208156 0.352170 0.077812 0.163255
10 0.802344 0.266333 0.020219 0.077524
10 0.523484 0.318526 0.028594 0.135307
2 0.739164 0.256108 0.072453 0.120943
10 0.100195 0.317972 0.036797 0.220236
10 0.50218 0.299186 0.016641 0.054269
10 0.59443 0.300495 0.027953 0.110330
10 0.153211 0.267594 0.027609 0.079717
4 0.635133 0.285142 0.066859 0.085283
3 0.827359 0.287842 0.011594 0.034599
10 0.449961 0.356108 0.039266 0.183915
10 0.749219 0.248821 0.092188 0.115566
