5 0.940383 0.228899 0.048641 0.082529
10 0.642711 0.266089 0.121766 0.258735
10 0.513008 0.275855 0.106047 0.267354
10 0.361367 0.240012 0.045734 0.097166
10 0.671305 0.225902 0.042047 0.126276
10 0.43893 0.239813 0.058797 0.161733
10 0.331266 0.194895 0.027844 0.072412
10 0.452227 0.159778 0.060047 0.138899
10 0.713602 0.220843 0.051547 0.103560
5 0.755336 0.196651 0.020734 0.049742
5 0.960398 0.232365 0.020734 0.066230
5 0.971656 0.245433 0.013125 0.048852
10 0.528961 0.226710 0.044953 0.103770
10 0.567773 0.284403 0.066891 0.236815
10 0.306063 0.223396 0.042594 0.127681
10 0.873406 0.185632 0.037719 0.120398
10 0.02868 0.192213 0.036391 0.077916
10 0.44375 0.252927 0.803125 0.332553
