10 0.292430 0.387740 0.080703 0.229854
10 0.467984 0.482792 0.086313 0.186708
10 0.582000 0.495125 0.093250 0.173792
10 0.704062 0.501177 0.104906 0.204437
10 0.910148 0.509771 0.095047 0.196292
10 0.805133 0.500531 0.105516 0.171021
10 0.838477 0.472865 0.060984 0.143271
10 0.512578 0.456656 0.056313 0.153896
10 0.633266 0.473125 0.076125 0.128833
10 0.736875 0.464198 0.056719 0.128521
10 0.535383 0.148510 0.017859 0.045188
4 0.331875 0.135406 0.071906 0.031396
4 0.383125 0.137333 0.032937 0.022625
4 0.130406 0.128448 0.051250 0.033688
2 0.230703 0.120833 0.077438 0.050708
