4 0.168109 0.587470 0.289482 0.092540
4 0.508808 0.591480 0.236839 0.112680
4 0.645479 0.575210 0.087487 0.061620
7 0.873381 0.178650 0.055311 0.110100
10 0.845026 0.555740 0.052591 0.127280
4 0.612953 0.528940 0.025596 0.017240
5 0.8925 0.622330 0.018575 0.050420
4 0.454223 0.549270 0.127047 0.051620
4 0.712707 0.577440 0.053135 0.046360
4 0.723692 0.569830 0.041839 0.034380
4 0.347189 0.570040 0.110285 0.056760
7 0.619326 0.467010 0.020259 0.016420
7 0.473031 0.469620 0.011710 0.008640
5 0.973847 0.614320 0.049197 0.058720
4 0.652578 0.532740 0.030544 0.014800
7 0.461425 0.466340 0.007772 0.005480
