10 0.261140 0.728387 0.020160 0.086358
10 0.384220 0.671150 0.018800 0.060383
10 0.580160 0.666166 0.012520 0.045112
10 0.488570 0.722827 0.015900 0.063546
10 0.698670 0.675447 0.014500 0.036901
10 0.789690 0.704585 0.014380 0.068530
10 0.916540 0.670575 0.011760 0.053994
10 0.482990 0.678371 0.011380 0.060831
10 0.271890 0.671118 0.022580 0.021150
10 0.345120 0.667220 0.018880 0.069776
10 0.159510 0.700495 0.026220 0.070958
10 0.359650 0.677780 0.018220 0.054537
10 0.437560 0.668850 0.015920 0.042620
10 0.242000 0.714058 0.016000 0.060703
