4 0.723008 0.873094 0.015484 0.022471
4 0.037672 0.741424 0.015000 0.025671
4 0.734156 0.939612 0.024188 0.023788
4 0.651281 0.787271 0.016125 0.022729
2 0.846109 0.876224 0.034125 0.058471
7 0.602227 0.347282 0.002828 0.004541
4 0.877406 0.962353 0.021000 0.022353
4 0.84275 0.933953 0.019750 0.025600
4 0.787453 0.886906 0.012812 0.021624
4 0.802172 0.869247 0.015656 0.022353
4 0.689312 0.877788 0.013312 0.023200
4 0.509523 0.476671 0.007359 0.014471
4 0.912406 0.458800 0.011562 0.014259
4 0.650422 0.836129 0.017688 0.030094
0 0.330344 0.491847 0.036594 0.024306
2 0.476516 0.468882 0.017344 0.032071
4 0.540195 0.434224 0.008859 0.010424
0 0.281969 0.930600 0.020969 0.046706
2 0.844578 0.935353 0.018844 0.024824
4 0.689844 0.348235 0.620313 0.258824
