0 0.267352 0.420222 0.534703 0.579765
4 0.916383 0.545535 0.089797 0.110601
4 0.683 0.522337 0.092688 0.102689
4 0.743008 0.515836 0.062328 0.077415
4 0.834063 0.503995 0.039781 0.055509
4 0.858031 0.494295 0.029812 0.046397
4 0.864766 0.484021 0.025781 0.042245
1 0.463742 0.460065 0.023922 0.065927
4 0.774836 0.512846 0.041484 0.060313
4 0.80543 0.509465 0.038422 0.053394
4 0.877234 0.477781 0.023156 0.034099
4 0.916227 0.476762 0.027078 0.032950
4 0.896945 0.472337 0.016453 0.023943
4 0.909734 0.428211 0.011500 0.020339
4 0.921273 0.413198 0.008328 0.013916
0 0.925211 0.429478 0.016109 0.026684
