5 0.331359 0.182115 0.362063 0.349146
10 0.680641 0.268635 0.017094 0.027604
4 0.484555 0.522479 0.814047 0.429208
4 0.909352 0.266792 0.068922 0.027167
4 0.754289 0.323375 0.299797 0.140750
4 0.559352 0.280000 0.084016 0.038042
4 0.546047 0.274323 0.083031 0.055354
4 0.511578 0.264354 0.033500 0.029208
4 0.047977 0.254354 0.095016 0.060542
4 0.916008 0.290667 0.042016 0.018792
10 0.667555 0.259406 0.014328 0.021354
4 0.838734 0.386302 0.317844 0.173854
4 0.612500 0.288542 0.143750 0.060417
4 0.569602 0.268771 0.080047 0.022917
4 0.438852 0.273062 0.135297 0.095792
10 0.594273 0.246031 0.009828 0.015063
4 0.209070 0.237990 0.035922 0.032646
4 0.520313 0.256250 0.956250 0.104167
