10 0.461469 0.829397 0.049281 0.079626
10 0.388211 0.880769 0.044391 0.097297
10 0.086531 0.264563 0.018375 0.020312
10 0.263656 0.216164 0.012906 0.018191
10 0.673031 0.948316 0.042219 0.080915
10 0.955078 0.657308 0.038844 0.074158
10 0.429586 0.204459 0.005703 0.008711
10 0.719063 0.953129 0.048125 0.079771
10 0.705273 0.921310 0.025953 0.051684
10 0.653000 0.864792 0.024094 0.049459
10 0.847859 0.876393 0.024125 0.041975
10 0.889406 0.791601 0.017625 0.026029
10 0.171656 0.612973 0.043844 0.124823
10 0.499219 0.498960 0.998437 0.997921
