10 0.424125 0.574426 0.173844 0.414754
10 0.660422 0.547295 0.178812 0.436932
10 0.414320 0.333665 0.027859 0.061101
10 0.236477 0.451417 0.059703 0.266347
10 0.157891 0.388525 0.034313 0.105246
10 0.179516 0.421616 0.031250 0.070070
10 0.049719 0.399754 0.035813 0.131218
10 0.835102 0.402447 0.032547 0.119180
10 0.903289 0.395492 0.031734 0.103864
10 0.513773 0.417810 0.031984 0.147143
10 0.330219 0.413044 0.043844 0.146698
10 0.302789 0.395855 0.030891 0.149415
10 0.157578 0.332178 0.031250 0.052412
10 0.554688 0.407494 0.075000 0.159251
