10 0.834063 0.213633 0.017063 0.028643
10 0.876312 0.222390 0.019344 0.047829
10 0.664977 0.196086 0.007641 0.025282
10 0.025516 0.207025 0.013562 0.009582
10 0.267367 0.184509 0.008453 0.018079
10 0.651656 0.197923 0.010406 0.025574
10 0.658805 0.202599 0.006016 0.013090
10 0.935477 0.209864 0.010703 0.031336
10 0.189922 0.196910 0.018688 0.030438
10 0.581906 0.198121 0.008406 0.027557
10 0.964188 0.200898 0.006531 0.020292
10 0.677258 0.195188 0.008078 0.024781
10 0.181977 0.195804 0.008422 0.040000
